5.050600000000003753e+00
3.113700000000001467e+00
4.967780000000003859e+00
4.000220000000003218e+00
3.609560000000002766e+00
2.637400000000001299e+00
9.977999999999997982e-01
2.334699999999999775e+00
4.281300000000002548e+00
8.801000000000001044e-01
5.807580000000005072e+00
3.417420000000001679e+00
2.379400000000000404e+00
3.615720000000002265e+00
1.811799999999999411e+00
6.130000000000004334e-01
4.225040000000003459e+00
2.162200000000000344e+00
3.392020000000002256e+00
3.803600000000002090e+00
