-2.084094572072681117e+00
-3.432003819274779488e+00
-2.470632607825200111e+00
-2.822753311170965063e+00
-4.035182138302743304e+00
-5.091437549913933935e+00
-2.852316398966818767e+00
-2.627857491802140899e+00
-3.073935310669481780e+00
-3.947933469646376814e+00
-3.173202334228815147e+00
-2.692305637306096955e+00
-2.733199772315810350e+00
-3.350352283496919270e+00
-3.077567175767635277e+00
-3.112533377055969552e+00
-2.429037406006512967e+00
-2.037915156931193295e+00
-2.622177706609248204e+00
-2.940469366684300923e+00
